0.000000 0.000000 0.022169
0.065911 0.003005 0.061461
0.126693 0.006602 0.059744
0.189515 0.010423 0.055125
0.251293 0.013795 0.050122
0.311451 0.016430 0.047516
0.371543 0.019446 0.043842
0.422493 0.021766 0.040586
0.475120 0.015311 -0.002450
0.544484 0.010781 -0.125327
0.606279 -0.001651 -0.324948
0.662782 -0.027968 -0.574618
0.693224 -0.051444 -0.773766
0.718439 -0.079549 -0.986585
0.736943 -0.112292 -1.198266
0.737133 -0.168932 -1.364867
0.742095 -0.207092 -1.574694
0.736864 -0.249150 -1.761535
0.765398 -0.297678 -1.877074
0.740210 -0.355845 -2.140645
0.723261 -0.440912 -2.441449
0.683093 -0.500801 -2.695707
0.644115 -0.535290 -2.755678
0.586912 -0.556952 -2.778211
0.528110 -0.578893 -2.790188
0.469722 -0.600415 -2.800769
0.403580 -0.623573 -2.791014
0.346061 -0.644143 -2.796610
0.290779 -0.664229 -2.801018
0.234708 -0.683999 -2.803149
0.178443 -0.703771 -2.806089
0.122152 -0.722966 -2.809057
0.065613 -0.741997 -2.811597
0.008630 -0.760966 -2.811777
-0.048389 -0.780400 -2.815378
-0.109122 -0.796385 -2.826889
-0.165679 -0.814771 -2.828092
-0.223599 -0.833643 -2.830914
-0.278986 -0.852987 -2.826816
-0.336737 -0.871816 -2.828833
-0.393763 -0.889575 -2.827319
-0.449941 -0.907961 -2.830589
-0.506137 -0.925898 -2.832408
-0.563751 -0.944360 -2.827865
-0.612800 -0.973193 -2.815584
-0.661511 -0.996297 -2.803945
EOP
